1 KEY_A 0;0 0;0
2 NONE 0;0 0;0
3 NONE 0;0 0;0
4 NONE 0;0 0;0
5 NONE 0;0 0;0
6 NONE 0;0 0;0
7 NONE 0;0 0;0
8 NONE 0;0 0;0
9 NONE 0;0 0;0
10 NONE 0;0 0;0
11 NONE 0;0 0;0
12 NONE 0;0 0;0
13 NONE 0;0 0;0
14 NONE 0;0 0;0
15 NONE 0;0 0;0
16 NONE 0;0 0;0
17 NONE 0;0 0;0
18 NONE 0;0 0;0
19 NONE 0;0 0;0
20 NONE 0;0 0;0
21 NONE 0;0 0;0
22 NONE 0;0 0;0
23 NONE 0;0 0;0
24 NONE 0;0 0;0
25 NONE 0;0 0;0
26 NONE 0;0 0;0
27 NONE 0;0 0;0
28 NONE 0;0 0;0
29 NONE 0;0 0;0
30 NONE 0;0 0;0
31 NONE 0;0 0;0
32 NONE 0;0 0;0
33 NONE 0;0 0;0
34 NONE 0;0 0;0
35 NONE 0;0 0;0
36 NONE 0;0 0;0
37 NONE 0;0 0;0
38 NONE 0;0 0;0
39 NONE 0;0 0;0
40 NONE 0;0 0;0
41 NONE 0;0 0;0
42 NONE 0;0 0;0
43 NONE 0;0 0;0
44 NONE 0;0 0;0
45 NONE 0;0 0;0
46 NONE 0;0 0;0
47 NONE 0;0 0;0
48 NONE 0;0 0;0
49 NONE 0;0 0;0
50 NONE 0;0 0;0
51 NONE 0;0 0;0
52 NONE 0;0 0;0
53 NONE 0;0 0;0
54 NONE 0;0 0;0
55 NONE 0;0 0;0
56 NONE 0;0 0;0
57 NONE 0;0 0;0
58 NONE 0;0 0;0
59 NONE 0;0 0;0
60 NONE 0;0 0;0
61 NONE 0;0 0;0
62 NONE 0;0 0;0
63 NONE 0;0 0;0
64 NONE 0;0 0;0
65 NONE 0;0 0;0
66 NONE 0;0 0;0
67 NONE 0;0 0;0
68 NONE 0;0 0;0
69 NONE 0;0 0;0
70 NONE 0;0 0;0
71 NONE 0;0 0;0
72 NONE 0;0 0;0
73 NONE 0;0 0;0
74 NONE 0;0 0;0
75 NONE 0;0 0;0
76 NONE 0;0 0;0
77 NONE 0;0 0;0
78 NONE 0;0 0;0
79 NONE 0;0 0;0
80 NONE 0;0 0;0
81 NONE 0;0 0;0
82 NONE 0;0 0;0
83 NONE 0;0 0;0
84 NONE 0;0 0;0
85 NONE 0;0 0;0
86 NONE 0;0 0;0
87 NONE 0;0 0;0
88 NONE 0;0 0;0
89 NONE 0;0 0;0
90 NONE 0;0 0;0
91 NONE 0;0 0;0
92 NONE 0;0 0;0
93 NONE 0;0 0;0
94 NONE 0;0 0;0
95 NONE 0;0 0;0
96 NONE 0;0 0;0
97 NONE 0;0 0;0
98 NONE 0;0 0;0
99 NONE 0;0 0;0
100 NONE 0;0 0;0
101 NONE 0;0 0;0
102 NONE 0;0 0;0
103 NONE 0;0 0;0
104 NONE 0;0 0;0
105 NONE 0;0 0;0
106 NONE 0;0 0;0
107 NONE 0;0 0;0
108 NONE 0;0 0;0
109 NONE 0;0 0;0
110 NONE 0;0 0;0
111 NONE 0;0 0;0
112 NONE 0;0 0;0
113 NONE 0;0 0;0
114 NONE 0;0 0;0
115 NONE 0;0 0;0
116 NONE 0;0 0;0
117 NONE 0;0 0;0
118 NONE 0;0 0;0
119 NONE 0;0 0;0
120 NONE 0;0 0;0
121 NONE 0;0 0;0
122 NONE 0;0 0;0
123 NONE 0;0 0;0
124 NONE 0;0 0;0
125 NONE 0;0 0;0
126 NONE 0;0 0;0
127 NONE 0;0 0;0
128 NONE 0;0 0;0
129 NONE 0;0 0;0
130 NONE 0;0 0;0
131 NONE 0;0 0;0
132 NONE 0;0 0;0
133 NONE 0;0 0;0
134 NONE 0;0 0;0
135 NONE 0;0 0;0
136 NONE 0;0 0;0
137 NONE 0;0 0;0
138 NONE 0;0 0;0
139 NONE 0;0 0;0
140 NONE 0;0 0;0
141 NONE 0;0 0;0
142 NONE 0;0 0;0
143 NONE 0;0 0;0
144 NONE 0;0 0;0
145 NONE 0;0 0;0
146 NONE 0;0 0;0
147 NONE 0;0 0;0
148 NONE 0;0 0;0
149 NONE 0;0 0;0
150 NONE 0;0 0;0
151 NONE 0;0 0;0
152 NONE 0;0 0;0
153 NONE 0;0 0;0
154 NONE 0;0 0;0
155 NONE 0;0 0;0
156 NONE 0;0 0;0
157 NONE 26000;0 0;0
158 NONE 26000;0 0;0
159 NONE 32767;0 0;0
160 NONE 32767;0 0;0
161 NONE 32767;0 0;0
162 KEY_A 0;-32767 0;0
163 KEY_A 0;0 0;0
164 KEY_A 0;0 0;0
165 KEY_A 0;0 0;0
166 KEY_A 0;0 0;0
167 KEY_A 0;0 0;0
168 KEY_A 0;0 0;0
169 KEY_A 0;0 0;0
170 KEY_A 0;0 0;0
171 NONE 0;0 0;0
172 NONE 0;0 0;0
173 NONE 0;0 0;0
174 NONE 0;0 0;0
175 NONE 0;0 0;0
176 NONE 0;0 0;0
177 NONE 0;0 0;0
178 NONE 0;0 0;0
179 NONE 0;0 0;0
180 NONE 0;0 0;0
181 NONE 0;0 0;0
182 NONE 0;0 0;0
183 NONE 0;0 0;0
184 NONE 0;0 0;0
185 NONE 0;0 0;0
186 NONE 0;0 0;0
187 NONE 0;0 0;0
188 NONE 0;0 0;0
189 NONE 0;0 0;0
190 NONE 0;0 0;0
191 NONE 0;0 0;0
192 NONE 0;0 0;0
193 NONE 0;0 0;0
194 NONE 0;0 0;0
195 NONE 0;0 0;0
196 NONE 0;0 0;0
197 NONE 0;0 0;0
198 NONE 0;0 0;0
199 NONE 0;0 0;0
200 NONE 0;0 0;0
201 NONE 0;0 0;0
202 NONE 0;0 0;0
203 NONE 0;0 0;0
204 NONE 0;0 0;0
205 NONE 0;0 0;0
206 NONE 0;0 0;0
207 NONE 0;0 0;0
208 NONE 0;0 0;0
209 NONE 0;0 0;0
210 NONE 0;0 0;0
211 NONE 0;0 0;0
212 NONE 0;0 0;0
213 NONE 0;0 0;0
214 NONE 0;0 0;0
215 NONE 0;0 0;0
216 NONE 0;0 0;0
217 NONE 0;0 0;0
218 NONE 0;0 0;0
219 NONE 0;0 0;0
220 NONE 0;0 0;0
221 NONE 0;0 0;0
222 NONE 0;0 0;0
223 NONE 0;0 0;0
224 NONE 0;0 0;0
225 NONE 0;0 0;0
226 NONE 0;0 0;0
227 NONE 0;0 0;0
228 NONE 0;0 0;0
229 NONE 0;0 0;0
230 NONE 0;0 0;0
231 NONE 0;0 0;0
232 NONE 0;0 0;0
233 NONE 0;0 0;0
234 NONE 0;0 0;0
235 NONE 0;0 0;0
236 NONE 0;0 0;0
237 NONE 0;0 0;0
238 NONE 0;0 0;0
239 NONE 0;0 0;0
240 NONE 0;0 0;0
241 NONE 0;0 0;0
242 NONE 0;0 0;0
243 NONE 0;0 0;0
244 NONE 0;0 0;0
245 NONE 0;0 0;0
246 NONE 0;0 0;0
247 NONE 0;0 0;0
248 NONE 0;0 0;0
249 NONE 0;0 0;0
250 NONE 0;0 0;0
251 NONE 0;0 0;0
252 NONE 0;0 0;0
253 NONE 0;0 0;0
254 NONE 0;0 0;0
255 NONE 0;0 0;0
256 NONE 0;0 0;0
257 NONE 0;0 0;0
258 NONE 0;0 0;0
259 NONE 0;0 0;0
260 NONE 0;0 0;0
261 NONE 0;0 0;0
262 NONE 0;0 0;0
263 NONE 0;0 0;0
264 NONE 0;0 0;0
265 NONE 0;0 0;0
266 NONE 0;0 0;0
267 NONE 0;0 0;0
268 NONE 0;0 0;0
269 NONE 0;0 0;0
270 NONE 0;0 0;0
271 NONE 0;0 0;0
272 NONE 0;0 0;0
273 NONE 0;0 0;0
274 NONE 0;0 0;0
275 NONE 0;0 0;0
276 NONE 0;0 0;0
277 NONE 0;0 0;0
278 NONE 0;0 0;0
279 NONE 0;0 0;0
280 NONE 0;0 0;0
281 NONE 0;0 0;0
282 NONE 0;0 0;0
283 NONE 0;0 0;0
284 NONE 0;0 0;0
285 NONE 0;0 0;0
286 NONE 0;0 0;0
287 NONE 0;0 0;0
288 NONE 0;0 0;0
289 NONE 0;0 0;0
290 NONE 0;0 0;0
291 NONE 32767;0 0;0
292 NONE 32767;0 0;0
293 NONE 32767;0 0;0
294 NONE 32767;0 32767;0
295 NONE 0;0 0;0
296 NONE 0;0 0;0
297 NONE 0;0 0;0
298 NONE 0;0 0;0
299 NONE 0;0 0;0
300 NONE 0;0 0;0
301 NONE 0;0 0;0
302 NONE 0;0 0;0
303 NONE 0;0 0;0
304 NONE 0;0 0;0
305 NONE 0;0 0;0
306 NONE 0;0 0;0
307 NONE 0;0 0;0
308 NONE 0;0 0;0
309 NONE 0;0 0;0
310 NONE 0;0 0;0
311 NONE 0;0 0;0
312 NONE 0;0 0;0
313 NONE 0;0 0;0
314 NONE 0;0 0;0
315 NONE 0;0 0;0
316 NONE 0;0 0;0
317 NONE 0;0 0;0
318 NONE 0;0 0;0
319 NONE 0;0 0;0
320 NONE 0;0 0;0
321 NONE 0;0 0;0
322 NONE 0;0 0;0
323 NONE 0;0 0;0
324 NONE 0;0 0;0
325 NONE 0;0 0;0
326 NONE 0;0 0;0
327 NONE 0;0 0;0
328 NONE 0;0 0;0
329 NONE 0;0 0;0
330 NONE 0;0 0;0
331 NONE 0;0 0;0
332 NONE 0;0 0;0
333 NONE 0;0 0;0
334 NONE 0;0 0;0
335 NONE 0;0 0;0
336 NONE 0;0 0;0
337 NONE 0;0 0;0
338 NONE 0;0 0;0
339 NONE 0;0 0;0
340 NONE 0;0 0;0
341 NONE 0;0 0;0
342 NONE 0;0 0;0
343 NONE 0;0 0;0
344 NONE 0;0 0;0
345 NONE 0;0 0;0
346 NONE 0;0 0;0
347 NONE 0;0 0;0
348 NONE 0;0 0;0
349 NONE 0;0 0;0
350 NONE 0;0 0;0
351 NONE 0;0 0;0
352 NONE 0;0 0;0
353 NONE 0;0 0;0
354 NONE 0;0 0;0
355 NONE 0;0 0;0
356 NONE 0;32767 0;0
357 NONE 0;32767 0;0
358 NONE 0;32767 0;0
359 KEY_A 16383.5;28376.757 0;0
360 NONE 32767;0 0;0
361 NONE 32767;0 0;0
362 NONE 32767;0 0;0
363 NONE 32767;0 0;0
364 NONE 32767;0 0;0
365 NONE 32767;0 0;0
366 NONE 0;0 0;0
367 NONE 0;0 0;0
368 NONE 0;0 0;0
369 NONE 0;0 0;0
370 NONE 0;0 0;0
371 NONE 0;0 0;0
372 NONE 0;0 0;0
373 NONE 0;0 0;0
374 NONE 0;0 0;0
375 NONE 0;0 0;0
376 NONE 0;0 0;0
377 NONE 0;0 0;0
378 NONE 0;0 0;0
379 NONE -32767;0 0;0
380 NONE -32767;0 0;0
381 NONE -32767;0 0;0
382 NONE -32767;0 0;0
383 NONE -32767;0 0;0
384 NONE -32767;0 0;0
385 NONE -32767;0 0;0
386 NONE 0;0 0;0
387 NONE 0;0 0;0
388 NONE 0;0 0;0
389 NONE 0;0 0;0
390 NONE 0;0 0;0
391 NONE 0;0 0;0
392 NONE 0;0 0;0
393 NONE 0;0 0;0
394 NONE 0;0 0;0
395 NONE 0;0 0;0
396 NONE 0;0 0;0
397 NONE 0;0 0;0
398 NONE 0;0 0;0
399 NONE 0;0 0;0
400 NONE 0;-32767 0;0
401 NONE 0;0 0;0
402 NONE 0;0 0;0
403 NONE 0;0 0;32767
404 NONE 0;-32767 0;0
405 NONE 0;0 0;0
406 NONE 0;0 0;0
407 NONE 0;0 0;0
408 NONE 0;0 0;0
409 NONE 0;0 0;0
410 NONE 0;0 0;0
411 NONE 0;0 0;0
412 NONE 0;0 0;0
413 NONE 0;0 0;0
414 NONE 0;0 0;0
415 NONE 0;0 0;0
416 NONE 0;0 0;0
417 NONE 0;0 0;0
418 NONE 0;0 0;0
419 NONE 0;0 0;0
420 NONE 0;0 0;0
421 NONE 0;0 0;0
422 NONE -32767;0 0;0
423 NONE -32767;0 0;0
424 NONE -32767;0 0;0
425 NONE -32767;0 0;0
426 NONE 0;0 0;0
427 NONE 0;0 0;0
428 NONE 0;0 0;0
429 NONE 0;0 0;0
430 NONE 0;0 0;0
431 NONE 0;0 0;0
432 NONE 0;0 0;0
433 KEY_X 0;0 0;0
434 NONE 0;0 0;0
435 NONE 0;0 0;0
436 NONE -32767;0 0;0
437 KEY_X -32767;0 32767;0
438 NONE -32767;0 0;0
439 NONE -32767;0 0;0
440 NONE -32767;0 0;0
441 NONE -32767;0 0;0
442 NONE -32767;0 0;0
443 NONE -32767;0 0;0
444 NONE -32767;0 0;0
445 NONE -32767;0 0;0
446 NONE -32767;0 0;0
447 NONE -32767;0 0;0
448 NONE -32767;0 0;0
449 NONE 0;0 0;0
450 NONE 0;0 0;0
451 NONE 0;0 0;0
452 NONE 0;0 0;0
453 NONE 0;0 0;0
454 NONE 0;0 0;0
455 NONE 0;0 0;0
456 NONE 0;0 0;0
457 NONE 0;0 0;0
458 NONE 0;0 0;0
459 NONE 0;0 0;0
460 NONE 0;0 0;0
461 NONE 0;0 0;0
462 NONE 0;0 0;0
463 NONE 0;0 0;0
464 NONE 0;0 0;0
465 NONE 0;0 0;0
466 NONE 0;0 0;0
467 NONE 0;0 0;0
468 NONE 0;0 0;0
469 NONE 0;0 0;0
470 NONE 0;0 0;0
471 NONE 0;0 0;0
472 NONE 0;0 0;0
473 NONE 0;0 0;0
474 NONE 0;0 0;0
475 NONE 0;0 0;0
476 NONE 0;0 0;0
477 NONE 0;0 0;0
478 NONE 0;0 0;0
479 NONE 0;0 0;0
480 NONE 0;0 0;0
481 NONE 0;0 0;0
482 NONE 0;0 0;0
483 NONE 0;0 0;0
484 NONE 0;0 0;0
485 NONE 0;0 0;0
486 NONE 0;0 0;0
487 NONE 0;0 0;0
488 NONE 0;0 0;0
489 NONE 0;0 0;0
490 NONE 0;0 0;0
491 NONE 0;0 0;0
492 NONE 0;0 0;0
493 NONE 0;0 0;0
494 NONE 0;0 0;0
495 NONE 0;0 0;0
496 NONE 0;0 0;0
497 NONE 0;0 0;0
498 NONE 0;0 0;0
499 NONE 0;0 0;0
500 NONE 0;0 0;0
501 NONE 0;0 0;0
502 NONE 0;0 0;0
503 NONE 0;0 0;0
504 NONE 0;0 0;0
505 NONE 0;0 0;0
506 NONE 0;0 0;0
507 NONE 0;0 0;0
508 NONE -32767;0 0;0
509 NONE -32767;0 0;0
510 NONE -32767;0 0;0
511 NONE -32767;0 0;0
512 NONE -32767;0 0;0
513 NONE -32767;0 0;0
514 NONE -32767;0 0;0
515 NONE -32767;0 0;0
516 NONE -32767;0 0;0
517 NONE -32767;0 0;0
518 KEY_ZR 0;0 0;0
519 KEY_A 0;-32767 0;0
520 NONE 32767;0 0;0
521 NONE 32767;0 0;0
522 NONE 32767;0 0;0
523 NONE 32767;0 0;0
524 NONE 32767;0 0;0
525 NONE 32767;0 0;0
526 NONE 32767;0 0;0
527 NONE 32767;0 0;0
528 NONE 32767;0 0;0
529 NONE 32767;0 0;0
530 NONE 32767;0 0;0
531 NONE 32767;0 0;0
532 NONE 32767;0 0;0
533 NONE 32767;0 0;0
534 NONE 32767;0 0;0
535 NONE 32767;0 0;0
536 NONE 32767;0 0;0
537 NONE 32767;0 0;0
538 KEY_R 0;0 0;0
539 NONE 32767;0 0;0
540 KEY_R 0;0 0;0
541 NONE 32767;0 0;0
542 NONE 0;0 0;0
543 NONE 0;0 0;0
544 NONE 0;-32767 0;0
545 KEY_R 0;0 0;0
546 KEY_A;KEY_B;KEY_R -8063;0 0;0
547 NONE -23169.965;-23169.965 0;0
548 NONE -23169.965;-23169.965 0;0
549 NONE -23169.965;-23169.965 0;0
550 NONE -23169.965;-23169.965 0;0
551 KEY_X 0;0 0;0
552 NONE 0;0 0;0
553 KEY_R 0;0 0;0
554 NONE -32767;0 0;0
555 KEY_R 0;0 0;0
556 NONE 0;0 0;0
557 KEY_ZR 0;0 0;0
558 KEY_A 0;-32767 0;0
559 NONE 32767;0 0;0
560 NONE 32767;0 0;0
561 NONE 32767;0 0;0
562 NONE 32767;0 0;0
563 NONE 32767;0 0;0
564 NONE 32767;0 0;0
565 NONE 32767;0 0;0
566 NONE 32767;0 0;0
567 NONE 32767;0 0;0
568 NONE 32767;0 0;0
569 NONE 32767;0 0;0
570 NONE 32767;0 0;0
571 NONE 32767;0 0;0
572 NONE 32767;0 0;0
573 NONE 32767;0 0;0
574 NONE 32767;0 0;0
575 NONE 32767;0 0;0
576 KEY_R 0;0 0;0
577 NONE 32767;0 0;0
578 KEY_R 0;0 0;0
579 NONE 32767;0 0;0
580 NONE 32767;0 0;0
581 NONE 32767;0 0;0
582 NONE 32767;0 0;0
583 NONE 0;-32767 0;0
584 KEY_R 0;0 0;0
585 KEY_A;KEY_B;KEY_R 8063;0 0;0
586 NONE 23169.965;-23169.965 0;0
587 NONE 23169.965;-23169.965 0;0
588 NONE 0;32767 0;0
589 NONE 0;32767 0;0
590 NONE 0;32767 0;0
591 KEY_R 0;32767 0;0
592 KEY_A;KEY_B;KEY_R -8063;0 0;0
593 NONE -32767;0 0;0
594 KEY_ZR 0;0 0;0
595 KEY_A 0;-32767 0;0
596 NONE -32767;0 0;0
597 NONE 0;0 0;0
598 NONE 0;0 0;0
599 NONE 0;0 0;0
600 NONE 0;0 0;0
601 NONE 0;0 0;0
602 NONE 0;0 0;0
603 NONE 0;0 0;0
604 NONE 0;0 0;0
605 NONE 0;0 0;0
606 NONE 0;0 0;0
607 NONE 0;0 0;0
608 NONE 0;0 0;0
609 NONE 0;0 0;0
610 NONE 0;0 0;0
611 NONE 0;0 0;0
612 NONE 0;0 0;0
613 KEY_R 0;0 0;0
614 NONE 0;0 0;0
615 KEY_R 0;0 0;0
616 NONE 0;0 0;0
617 NONE 0;0 0;0
618 NONE 0;0 0;0
619 NONE 0;0 0;0
620 NONE 0;-32767 0;0
621 KEY_R 0;0 0;0
622 KEY_A;KEY_B;KEY_R -8063;0 0;0
623 NONE 0;0 0;0
624 KEY_A 0;0 0;0
625 NONE 0;0 0;0
626 NONE 0;0 0;0
627 NONE 0;0 0;0
628 NONE 0;0 0;0
629 NONE 0;0 0;0
630 NONE 0;0 0;0
631 NONE 0;0 0;0
632 NONE 0;0 0;0
633 NONE 0;0 0;0
634 NONE 0;0 0;0
635 NONE 0;0 0;0
636 NONE 0;-32767 0;0
637 NONE 0;0 0;0
638 NONE 0;0 0;0
639 NONE 0;0 0;0
640 NONE 0;0 0;0
641 NONE 0;0 0;0
642 NONE 0;0 0;0
643 NONE 0;0 0;0
644 NONE 0;0 0;0
645 NONE 0;0 0;0
646 NONE 0;0 0;0
647 NONE 0;0 0;0
648 NONE 0;0 0;0
649 NONE 0;0 0;0
650 NONE 0;0 0;0
651 NONE 0;0 0;0
652 NONE 0;0 0;0
653 NONE 0;0 0;0
654 KEY_X 0;0 0;0
655 NONE 0;0 0;0
656 NONE 0;0 0;0
657 NONE 0;0 0;0
658 NONE 0;0 0;0
659 NONE 0;0 0;0
660 NONE 0;0 0;0
661 NONE 0;0 0;0
662 NONE 0;0 0;0
663 NONE 0;0 0;0
664 NONE 0;0 0;0
665 NONE 0;0 0;0
666 KEY_R 0;0 0;0
667 NONE 0;0 0;0
668 KEY_ZR 0;0 0;0
669 KEY_A 0;-32767 0;0
670 NONE 0;0 0;0
671 NONE 0;0 0;0
672 NONE 0;0 0;0
673 NONE 0;0 0;0
674 NONE 0;0 0;0
675 NONE 0;0 0;0
676 NONE 0;0 0;0
677 NONE 0;0 0;0
678 NONE 0;0 0;0
679 NONE 0;0 0;0
680 NONE 0;0 0;0
681 NONE 0;0 0;0
682 NONE 0;0 0;0
683 NONE 0;0 0;0
684 NONE 0;0 0;0
685 NONE 0;0 0;0
686 NONE 0;0 0;0
687 KEY_R 0;0 0;0
688 NONE 0;0 0;0
689 KEY_R 0;0 0;0
690 NONE 0;0 0;0
691 NONE 0;0 0;0
692 NONE 0;32767 0;0
693 NONE 0;32767 0;0
694 NONE 0;32767 0;0
695 KEY_R 0;32767 0;0
696 KEY_A;KEY_B;KEY_R -8063;0 0;0
697 NONE -32767;0 0;0
698 KEY_ZR 0;0 0;0
699 KEY_A 0;-32767 0;0
700 NONE -32767;0 0;0
701 NONE -32767;0 0;0
702 NONE -32767;0 0;0
703 NONE -32767;0 0;0
704 NONE -32767;0 0;0
705 NONE 0;0 0;0
706 NONE 0;0 0;0
707 NONE 0;0 0;0
708 NONE 0;0 0;0
709 NONE 0;0 0;0
710 NONE 0;0 0;0
711 NONE 0;0 0;0
712 NONE 0;0 0;0
713 NONE 0;0 0;0
714 NONE 0;0 0;0
715 NONE 0;0 0;0
716 NONE 0;0 0;0
717 KEY_R 0;0 0;0
718 NONE 0;0 0;0
719 KEY_R 0;0 0;0
720 NONE 0;0 0;0
721 NONE 0;0 0;0
722 NONE 0;0 0;0
723 NONE 0;0 0;0
724 NONE 0;-32767 0;0
725 KEY_R 0;0 0;0
726 KEY_A;KEY_B;KEY_R -8063;0 0;0
727 NONE 0;0 0;0
728 KEY_A 0;0 0;0
729 NONE 0;-32767 0;0
730 NONE 0;0 0;0
731 NONE 0;0 0;0
732 NONE -32767;0 0;0
733 NONE -32767;0 0;0
734 NONE -32767;0 0;0
735 NONE 0;0 0;0
736 NONE 0;0 0;0
737 NONE 0;0 0;0
738 NONE -32767;0 0;0
739 NONE -32767;0 0;0
740 NONE 0;0 0;0
741 NONE 0;0 0;0
742 NONE 0;0 0;0
743 NONE 0;0 0;0
744 NONE 0;0 0;0
745 NONE 0;0 0;0
746 NONE 0;0 0;0
747 NONE 0;0 0;0
748 NONE 0;0 0;0
749 NONE 0;0 0;0
750 NONE 0;0 0;0
751 NONE 0;0 0;0
752 NONE -32767;0 0;0
753 NONE -32767;0 0;0
754 NONE -32767;0 0;0
755 NONE -32767;0 0;0
756 NONE -32767;0 0;0
757 KEY_A 32767;0 0;0
